ID <- 
  
Long <- c(40.79798, 40.7942, 40.79166, 40.78526, 40.78199, 40.77946, 40.7762, 40.76822, 40.76692, 40.76573, 40.76512, 40.76741,
          40.77245, 40.77701, 40.78409, 40.78792, 40.79174, 40.79686, 40.79821, 40.7994, 40.76683, 40.77026, 40.77911, 40.779, 40.78335,
          40.79039, 40.79525)

Lat <- c(-73.96003, -73.96282, -73.96468, -73.96928, -73.97167, -73.97349, -73.9759, -73.9814, -73.97901, -73.97618, -73.97302, -73.97076,
         -73.96702, -73.96378, -73.95857,  -73.95579, -73.95299,  -73.94968, -73.95251, -73.95538, -73.9721, -73.97524, -73.96906, -73.96238
         ,-73.96397,  -73.95983, -73.95562)