ID <-

Long <- c(40.779, 40.76522, 40.7993, 40.79185, 40.77597)

Lat <- c(-73.96237, -73.97305, -73.95541, -73.96437, -73.97564)
