ID <-

Long <- c(40.7818, 40.77904, 40.76723, 40.77726, 40.78926, 40.79491)

Lat <- c(-73.96619, -73.96243, -73.97182, -73.96954, -73.96264, -73.95596)
